-598.8 480.0 160.0 280.0 560.0 200.0 400.0 320.0 120.0 240.0 480.0 240.0 480.0 960.0 120.0 240.0
0.0 -957.6 320.0 560.0 1120.0 400.0 800.0 640.0 240.0 480.0 960.0 480.0 960.0 1920.0 240.0 480.0
0.0 0.0 -480.0 320.0 640.0 320.0 640.0 0.0 480.0 960.0 1920.0 0.0 0.0 0.0 0.0 0.0
0.0 0.0 0.0 -737.5 720.0 280.0 560.0 320.0 240.0 480.0 960.0 240.0 480.0 960.0 120.0 240.0
0.0 0.0 0.0 0.0 -1115.0 560.0 1120.0 640.0 480.0 960.0 1920.0 480.0 960.0 1920.0 240.0 480.0
0.0 0.0 0.0 0.0 0.0 -598.5 480.0 160.0 240.0 480.0 960.0 120.0 240.0 480.0 120.0 240.0
0.0 0.0 0.0 0.0 0.0 0.0 -957.0 320.0 480.0 960.0 1920.0 240.0 480.0 960.0 240.0 480.0
0.0 0.0 0.0 0.0 0.0 0.0 0.0 -480.0 0.0 0.0 0.0 480.0 960.0 1920.0 0.0 0.0
0.0 0.0 0.0 0.0 0.0 0.0 0.0 0.0 -420.0 720.0 1440.0 0.0 0.0 0.0 0.0 0.0
0.0 0.0 0.0 0.0 0.0 0.0 0.0 0.0 0.0 -480.0 2880.0 0.0 0.0 0.0 0.0 0.0
0.0 0.0 0.0 0.0 0.0 0.0 0.0 0.0 0.0 0.0 480.0 0.0 0.0 0.0 0.0 0.0
0.0 0.0 0.0 0.0 0.0 0.0 0.0 0.0 0.0 0.0 0.0 -420.0 720.0 1440.0 0.0 0.0
0.0 0.0 0.0 0.0 0.0 0.0 0.0 0.0 0.0 0.0 0.0 0.0 -480.0 2880.0 0.0 0.0
0.0 0.0 0.0 0.0 0.0 0.0 0.0 0.0 0.0 0.0 0.0 0.0 0.0 480.0 0.0 0.0
0.0 0.0 0.0 0.0 0.0 0.0 0.0 0.0 0.0 0.0 0.0 0.0 0.0 0.0 -180.0 720.0
0.0 0.0 0.0 0.0 0.0 0.0 0.0 0.0 0.0 0.0 0.0 0.0 0.0 0.0 0.0 0.0
